3 0.3338541666666667 0.10416666666666667 0.253125 0.20833333333333334
3 0.8708333333333333 0.3359375 0.20833333333333334 0.20625
3 0.1375 0.434375 0.275 0.23125
3 0.2911458333333333 0.8854166666666666 0.15416666666666667 0.13645833333333332
2 0.0671875 0.6364583333333333 0.103125 0.084375
2 0.37395833333333334 0.6494791666666667 0.16354166666666667 0.128125
2 0.7958333333333333 0.6994791666666667 0.16770833333333332 0.103125
3 0.5885416666666666 0.8317708333333333 0.0625 0.06041666666666667
3 0.5859375 0.9447916666666667 0.065625 0.06041666666666667
3 0.6229166666666667 0.9635416666666666 0.06041666666666667 0.05416666666666667
3 0.7598958333333333 0.9145833333333333 0.06666666666666667 0.05416666666666667