4 0.5182291666666666 0.1 0.08645833333333333 0.051041666666666666
1 0.8083333333333333 0.14791666666666667 0.38333333333333336 0.21875
1 0.22083333333333333 0.1171875 0.44166666666666665 0.21875
0 0.9369791666666667 0.6322916666666667 0.12604166666666666 0.18125
0 0.3619791666666667 0.6348958333333333 0.21458333333333332 0.18020833333333333
1 0.7697916666666667 0.8786458333333333 0.365625 0.175
0 0.40208333333333335 0.8140625 0.18645833333333334 0.128125
0 0.12395833333333334 0.8432291666666667 0.16041666666666668 0.14166666666666666
0 0.8682291666666667 0.38385416666666666 0.2635416666666667 0.18854166666666666
0 0.3463541666666667 0.3848958333333333 0.26875 0.18645833333333334
0 0.13645833333333332 0.43072916666666666 0.20625 0.16145833333333334