2 0.5666666666666667 0.10520833333333333 0.09270833333333334 0.06145833333333333
3 0.9296875 0.20104166666666667 0.140625 0.2375
3 0.7619791666666667 0.20260416666666667 0.24270833333333333 0.2
3 0.39791666666666664 0.1015625 0.21458333333333332 0.203125
3 0.17552083333333332 0.09895833333333333 0.278125 0.19791666666666666
3 0.9177083333333333 0.684375 0.146875 0.19479166666666667
3 0.3463541666666667 0.6171875 0.23541666666666666 0.20416666666666666
3 0.8078125 0.9182291666666667 0.20729166666666668 0.16354166666666667
3 0.63125 0.8869791666666667 0.19791666666666666 0.175
3 0.3645833333333333 0.8 0.20104166666666667 0.15
3 0.08645833333333333 0.7942708333333334 0.17291666666666666 0.159375
3 0.86875 0.42916666666666664 0.2625 0.21875
3 0.3614583333333333 0.3671875 0.28958333333333336 0.21770833333333334
3 0.14739583333333334 0.38697916666666665 0.225 0.18541666666666667