0 0.3671875 0.058854166666666666 0.16354166666666667 0.10833333333333334
0 0.5072916666666667 0.06822916666666666 0.14479166666666668 0.13020833333333334
0 0.68125 0.06458333333333334 0.16041666666666668 0.12916666666666668
0 0.8578125 0.0703125 0.15729166666666666 0.13854166666666667
0 0.10572916666666667 0.31927083333333334 0.196875 0.13333333333333333
0 0.125 0.46770833333333334 0.20208333333333334 0.09375
0 0.8520833333333333 0.4734375 0.17604166666666668 0.10625
0 0.578125 0.4822916666666667 0.14166666666666666 0.12395833333333334
0 0.7010416666666667 0.4588541666666667 0.109375 0.075
0 0.1796875 0.7473958333333334 0.28541666666666665 0.10625
0 0.4354166666666667 0.7557291666666667 0.14895833333333333 0.11979166666666667
0 0.7953125 0.7567708333333333 0.171875 0.12395833333333334