3 0.375 0.05677083333333333 0.16458333333333333 0.11041666666666666
3 0.5145833333333333 0.06822916666666666 0.14791666666666667 0.13229166666666667
3 0.6890625 0.06770833333333333 0.1625 0.13229166666666667
3 0.8651041666666667 0.0765625 0.159375 0.140625
3 0.10885416666666667 0.3125 0.19895833333333332 0.13645833333333332
3 0.12552083333333333 0.4609375 0.203125 0.096875
3 0.8526041666666667 0.4796875 0.178125 0.10833333333333334
3 0.5786458333333333 0.48385416666666664 0.14375 0.12604166666666666
3 0.7015625 0.4625 0.11041666666666666 0.07604166666666666
3 0.17552083333333332 0.7416666666666667 0.2875 0.11145833333333334
3 0.43072916666666666 0.7546875 0.15104166666666666 0.121875
3 0.790625 0.7619791666666667 0.17395833333333333 0.12708333333333333