3 0.3140625 0.8661458333333333 0.184375 0.20104166666666667
3 0.6484375 0.7385416666666667 0.14479166666666668 0.234375
3 0.7838541666666666 0.8802083333333334 0.15625 0.17083333333333334
3 0.9119791666666667 0.21770833333333334 0.17604166666666668 0.33125
3 0.23854166666666668 0.1046875 0.2791666666666667 0.209375
3 0.24895833333333334 0.4703125 0.28020833333333334 0.175
3 0.23854166666666668 0.3729166666666667 0.10625 0.06875
3 0.3984375 0.3953125 0.075 0.07604166666666666
3 0.8807291666666667 0.5109375 0.23854166666666668 0.22395833333333334
3 0.9135416666666667 0.7135416666666666 0.11354166666666667 0.128125
3 0.7989583333333333 0.7223958333333333 0.14583333333333334 0.17395833333333333