4 0.88125 0.8119791666666667 0.2375 0.06979166666666667
4 0.9197916666666667 0.9453125 0.159375 0.03854166666666667
0 0.4739583333333333 0.8671875 0.253125 0.234375
0 0.5791666666666667 0.625 0.21458333333333332 0.17916666666666667
0 0.9291666666666667 0.565625 0.134375 0.11354166666666667
0 0.11510416666666666 0.6229166666666667 0.22916666666666666 0.190625
0 0.8703125 0.3411458333333333 0.25833333333333336 0.25416666666666665
0 0.14739583333333334 0.3541666666666667 0.2947916666666667 0.28020833333333334
0 0.5140625 0.08697916666666666 0.12291666666666666 0.15104166666666666
0 0.11145833333333334 0.09010416666666667 0.22291666666666668 0.18020833333333333
0 0.6822916666666666 0.04739583333333333 0.13020833333333334 0.09479166666666666