2 0.8901041666666667 0.05260416666666667 0.103125 0.10520833333333333
2 0.7932291666666667 0.5291666666666667 0.11458333333333333 0.17604166666666668
2 0.6265625 0.484375 0.175 0.25625
3 0.5526041666666667 0.1609375 0.20520833333333333 0.321875
3 0.42291666666666666 0.5265625 0.15520833333333334 0.271875
3 0.16354166666666667 0.390625 0.23020833333333332 0.31354166666666666
3 0.18802083333333333 0.26458333333333334 0.165625 0.22916666666666666
2 0.09166666666666666 0.6171875 0.16145833333333334 0.13645833333333332
3 0.7791666666666667 0.775 0.10104166666666667 0.14583333333333334
3 0.371875 0.7880208333333333 0.09583333333333334 0.128125
3 0.21354166666666666 0.8567708333333334 0.12708333333333333 0.18541666666666667