2 0.9661458333333334 0.13958333333333334 0.06770833333333333 0.12916666666666668
2 0.7791666666666667 0.5942708333333333 0.11145833333333334 0.175
2 0.6270833333333333 0.5135416666666667 0.171875 0.25416666666666665
3 0.6286458333333333 0.17708333333333334 0.2 0.32708333333333334
3 0.41875 0.5088541666666667 0.15104166666666666 0.2708333333333333
3 0.19635416666666666 0.3177083333333333 0.22604166666666667 0.31145833333333334
3 0.24947916666666667 0.20052083333333334 0.1625 0.22708333333333333
2 0.07760416666666667 0.521875 0.15520833333333334 0.13333333333333333
3 0.7104166666666667 0.8307291666666666 0.09895833333333333 0.14479166666666668
3 0.3098958333333333 0.7520833333333333 0.09375 0.12708333333333333
3 0.140625 0.7833333333333333 0.12395833333333334 0.184375