3 0.8057291666666667 0.853125 0.321875 0.29375
3 0.8880208333333334 0.6052083333333333 0.22395833333333334 0.22291666666666668
3 0.20416666666666666 0.4546875 0.17604166666666668 0.18020833333333333
3 0.0859375 0.4578125 0.171875 0.22604166666666667
3 0.6380208333333334 0.340625 0.19479166666666667 0.184375
3 0.540625 0.5442708333333334 0.215625 0.20416666666666666
3 0.246875 0.271875 0.115625 0.121875
3 0.14427083333333332 0.26875 0.121875 0.14270833333333333
3 0.7208333333333333 0.08489583333333334 0.09166666666666666 0.078125
2 0.5114583333333333 0.1390625 0.096875 0.09895833333333333
3 0.38697916666666665 0.09739583333333333 0.18229166666666666 0.19479166666666667
3 0.15729166666666666 0.059375 0.19791666666666666 0.11875
2 0.984375 0.11927083333333334 0.03125 0.05520833333333333
2 0.13229166666666667 0.7671875 0.26458333333333334 0.18020833333333333