0 0.8588541666666667 0.8125 0.28229166666666666 0.2760416666666667
0 0.9010416666666666 0.54375 0.19791666666666666 0.19479166666666667
1 0.13385416666666666 0.5229166666666667 0.2677083333333333 0.20416666666666666
0 0.6114583333333333 0.32083333333333336 0.17291666666666666 0.15833333333333333
0 0.546875 0.5375 0.190625 0.17708333333333334
1 0.1609375 0.3255208333333333 0.2 0.13125
0 0.653125 0.05520833333333333 0.08229166666666667 0.065625
4 0.4546875 0.14166666666666666 0.08541666666666667 0.08645833333333333
0 0.3229166666666667 0.10364583333333334 0.15104166666666666 0.20729166666666668
0 0.08802083333333334 0.08697916666666666 0.17604166666666668 0.15625
4 0.9510416666666667 0.043229166666666666 0.090625 0.041666666666666664
4 0.1515625 0.8255208333333334 0.303125 0.13541666666666666