1 0.8973958333333333 0.14739583333333334 0.19270833333333334 0.234375
0 0.5708333333333333 0.12708333333333333 0.19479166666666667 0.18020833333333333
1 0.1734375 0.15260416666666668 0.346875 0.21666666666666667
0 0.90625 0.3807291666666667 0.175 0.1625
0 0.5958333333333333 0.36822916666666666 0.184375 0.140625
1 0.196875 0.39895833333333336 0.39375 0.20416666666666666
0 0.8885416666666667 0.6114583333333333 0.22291666666666668 0.15416666666666667
0 0.8489583333333334 0.9052083333333333 0.19479166666666667 0.18958333333333333
0 0.12864583333333332 0.6125 0.25729166666666664 0.19166666666666668
1 0.5989583333333334 0.665625 0.26145833333333335 0.31354166666666666
0 0.621875 0.9177083333333333 0.21458333333333332 0.16458333333333333