3 0.8416666666666667 0.06197916666666667 0.20208333333333334 0.12395833333333334
3 0.8760416666666667 0.15416666666666667 0.165625 0.13541666666666666
3 0.525 0.12135416666666667 0.215625 0.20208333333333334
3 0.20572916666666666 0.15833333333333333 0.21145833333333333 0.19166666666666668
3 0.08958333333333333 0.20260416666666667 0.17916666666666667 0.240625
3 0.8885416666666667 0.33229166666666665 0.19375 0.18229166666666666
3 0.5791666666666667 0.3572916666666667 0.2 0.1625
3 0.3026041666666667 0.45260416666666664 0.18125 0.16875
3 0.12239583333333333 0.4453125 0.24479166666666666 0.23229166666666667
3 0.8895833333333333 0.5630208333333333 0.22083333333333333 0.18020833333333333
3 0.89375 0.8598958333333333 0.2125 0.21145833333333333
3 0.1453125 0.6567708333333333 0.2791666666666667 0.221875
3 0.6348958333333333 0.5723958333333333 0.24895833333333334 0.18541666666666667
3 0.6270833333333333 0.7234375 0.28125 0.20104166666666667
3 0.671875 0.9 0.23229166666666667 0.18958333333333333