0 0.13854166666666667 0.06770833333333333 0.17604166666666668 0.128125
0 0.23541666666666666 0.1984375 0.13958333333333334 0.096875
0 0.396875 0.19166666666666668 0.11354166666666667 0.07708333333333334
0 0.11666666666666667 0.9140625 0.228125 0.16666666666666666
0 0.46145833333333336 0.790625 0.11979166666666667 0.071875
0 0.2140625 0.7171875 0.3416666666666667 0.17291666666666666
1 0.7614583333333333 0.3859375 0.4114583333333333 0.125
0 0.8791666666666667 0.07291666666666667 0.19583333333333333 0.13229166666666667
0 0.8380208333333333 0.19583333333333333 0.18333333333333332 0.109375
0 0.54375 0.24479166666666666 0.19791666666666666 0.11354166666666667
1 0.28489583333333335 0.39791666666666664 0.471875 0.13854166666666667
1 0.6708333333333333 0.6958333333333333 0.571875 0.134375