3 0.6588541666666666 0.06979166666666667 0.20729166666666668 0.13958333333333334
3 0.5796875 0.13802083333333334 0.20625 0.17916666666666667
3 0.39166666666666666 0.09166666666666666 0.1625 0.1625
3 0.11302083333333333 0.14166666666666666 0.22604166666666667 0.19791666666666666
3 0.834375 0.3020833333333333 0.296875 0.22395833333333334
3 0.23385416666666667 0.4005208333333333 0.28125 0.21458333333333332
3 0.14166666666666666 0.5192708333333333 0.2833333333333333 0.24479166666666666
3 0.9036458333333334 0.6338541666666667 0.19270833333333334 0.209375
3 0.7489583333333333 0.6973958333333333 0.29583333333333334 0.278125
3 0.46041666666666664 0.7010416666666667 0.26458333333333334 0.20833333333333334
3 0.2046875 0.7578125 0.2875 0.21770833333333334
3 0.20833333333333334 0.9302083333333333 0.3020833333333333 0.13958333333333334