3 0.8723958333333334 0.1578125 0.2552083333333333 0.246875
3 0.7677083333333333 0.23541666666666666 0.28125 0.21770833333333334
3 0.4036458333333333 0.1015625 0.23020833333333332 0.203125
3 0.275 0.16875 0.24270833333333333 0.17604166666666668
3 0.6473958333333333 0.4140625 0.26145833333333335 0.20833333333333334
3 0.14270833333333333 0.3770833333333333 0.28125 0.21875
3 0.8447916666666667 0.6796875 0.23854166666666668 0.18125
3 0.4859375 0.8453125 0.328125 0.309375
3 0.5020833333333333 0.6453125 0.26666666666666666 0.19375
3 0.09375 0.678125 0.1875 0.17708333333333334
3 0.24479166666666666 0.6927083333333334 0.20416666666666666 0.184375
3 0.21822916666666667 0.8807291666666667 0.18333333333333332 0.15