3 0.8270833333333333 0.10208333333333333 0.3020833333333333 0.20416666666666666
3 0.7119791666666667 0.1890625 0.271875 0.20416666666666666
3 0.328125 0.11822916666666666 0.22083333333333333 0.21145833333333333
3 0.21614583333333334 0.21770833333333334 0.23541666666666666 0.16458333333333333
3 0.6286458333333333 0.3875 0.25416666666666665 0.196875
3 0.13072916666666667 0.4473958333333333 0.26145833333333335 0.20520833333333333
3 0.8729166666666667 0.6109375 0.23125 0.17083333333333334
3 0.553125 0.84375 0.315625 0.3
3 0.5296875 0.6421875 0.259375 0.18125
3 0.12864583333333332 0.7536458333333333 0.19375 0.16875
3 0.2864583333333333 0.7380208333333333 0.196875 0.175
3 0.29583333333333334 0.9276041666666667 0.17708333333333334 0.14166666666666666