0 0.9458333333333333 0.39427083333333335 0.10833333333333334 0.14479166666666668
0 0.6385416666666667 0.3890625 0.08541666666666667 0.13333333333333333
1 0.8114583333333333 0.6104166666666667 0.08645833333333333 0.24479166666666666
0 0.9229166666666667 0.8958333333333334 0.08645833333333333 0.16875
0 0.65 0.79375 0.1125 0.203125
0 0.44427083333333334 0.8838541666666667 0.08229166666666667 0.19583333333333333
0 0.10885416666666667 0.28229166666666666 0.09270833333333334 0.19583333333333333
0 0.8822916666666667 0.7208333333333333 0.042708333333333334 0.121875
0 0.9536458333333333 0.6265625 0.04479166666666667 0.1125
1 0.28958333333333336 0.7395833333333334 0.10729166666666666 0.24375
0 0.053125 0.75625 0.06041666666666667 0.13333333333333333
0 0.15260416666666668 0.9036458333333334 0.057291666666666664 0.13125
4 0.18072916666666666 0.7302083333333333 0.052083333333333336 0.08229166666666667
0 0.621875 0.5494791666666666 0.04583333333333333 0.1125