3 0.9458333333333333 0.46510416666666665 0.10833333333333334 0.159375
3 0.6541666666666667 0.4119791666666667 0.10416666666666667 0.14479166666666668
3 0.8104166666666667 0.5953125 0.08020833333333334 0.121875
3 0.778125 0.7135416666666666 0.09895833333333333 0.14166666666666666
3 0.8552083333333333 0.9333333333333333 0.1125 0.13333333333333333
3 0.6020833333333333 0.8135416666666667 0.14270833333333333 0.21770833333333334
3 0.3848958333333333 0.8703125 0.11145833333333334 0.20520833333333333
3 0.14791666666666667 0.22395833333333334 0.121875 0.20833333333333334
3 0.8432291666666667 0.778125 0.06145833333333333 0.12604166666666666
3 0.928125 0.6958333333333333 0.06145833333333333 0.11770833333333333
3 0.2578125 0.7692708333333333 0.09166666666666666 0.11875
3 0.2484375 0.6432291666666666 0.09375 0.13541666666666666
3 0.029166666666666667 0.6828125 0.058333333333333334 0.140625
3 0.09375 0.8442708333333333 0.078125 0.13854166666666667
2 0.1484375 0.6776041666666667 0.06458333333333334 0.08958333333333333
3 0.6125 0.5677083333333334 0.0625 0.11770833333333333