0 0.7989583333333333 0.11041666666666666 0.25416666666666665 0.20416666666666666
0 0.1671875 0.11979166666666667 0.25833333333333336 0.20416666666666666
1 0.7546875 0.38333333333333336 0.37916666666666665 0.23229166666666667
0 0.12291666666666666 0.3484375 0.196875 0.1625
0 0.46458333333333335 0.9213541666666667 0.16770833333333332 0.146875
1 0.16302083333333334 0.6411458333333333 0.3 0.2125
1 0.775 0.6411458333333333 0.28229166666666666 0.24375
4 0.85625 0.8375 0.10833333333333334 0.0375
4 0.6671875 0.846875 0.18020833333333333 0.05416666666666667
4 0.19114583333333332 0.8458333333333333 0.18020833333333333 0.06145833333333333
4 0.34791666666666665 0.46197916666666666 0.14270833333333333 0.08020833333333334