3 0.8255208333333334 0.13229166666666667 0.2677083333333333 0.221875
3 0.19427083333333334 0.10364583333333334 0.271875 0.20729166666666668
3 0.8557291666666667 0.38125 0.20729166666666668 0.19375
3 0.675 0.42291666666666666 0.19791666666666666 0.19375
3 0.134375 0.3223958333333333 0.20729166666666668 0.17604166666666668
3 0.4354166666666667 0.9177083333333333 0.17708333333333334 0.15833333333333333
3 0.09739583333333333 0.6208333333333333 0.19479166666666667 0.20833333333333334
3 0.2453125 0.6005208333333333 0.11666666666666667 0.15729166666666666
3 0.7515625 0.6776041666666667 0.27291666666666664 0.225
3 0.8619791666666666 0.5880208333333333 0.11354166666666667 0.09791666666666667
2 0.8317708333333333 0.8614583333333333 0.11041666666666666 0.04479166666666667
2 0.6427083333333333 0.8578125 0.18333333333333332 0.065625
2 0.16770833333333332 0.8234375 0.184375 0.07395833333333333