0 0.2078125 0.16510416666666666 0.2375 0.23125
0 0.8182291666666667 0.12083333333333333 0.19270833333333334 0.18020833333333333
1 0.4192708333333333 0.25729166666666664 0.17708333333333334 0.328125
4 0.09114583333333333 0.7463541666666667 0.11666666666666667 0.08333333333333333
4 0.2609375 0.8145833333333333 0.225 0.18125
4 0.3953125 0.6901041666666666 0.1375 0.052083333333333336
0 0.5484375 0.8494791666666667 0.08645833333333333 0.06875
1 0.8364583333333333 0.7838541666666666 0.15520833333333334 0.2708333333333333
0 0.5604166666666667 0.73125 0.13645833333333332 0.12083333333333333
0 0.8364583333333333 0.5276041666666667 0.15520833333333334 0.14375
0 0.6588541666666666 0.5536458333333333 0.19166666666666668 0.14479166666666668
0 0.4739583333333333 0.5197916666666667 0.175 0.14166666666666666
0 0.2625 0.5270833333333333 0.10416666666666667 0.09583333333333334
0 0.35625 0.5708333333333333 0.08541666666666667 0.103125
1 0.14895833333333333 0.5635416666666667 0.13645833333333332 0.12083333333333333