3 0.2635416666666667 0.12760416666666666 0.2708333333333333 0.2552083333333333
3 0.8734375 0.17552083333333332 0.21770833333333334 0.20833333333333334
3 0.46979166666666666 0.17291666666666666 0.20208333333333334 0.20208333333333334
3 0.44375 0.33697916666666666 0.19270833333333334 0.178125
2 0.0609375 0.6786458333333333 0.121875 0.10104166666666667
2 0.21458333333333332 0.7734375 0.25104166666666666 0.21354166666666666
2 0.36666666666666664 0.6713541666666667 0.14375 0.071875
3 0.49322916666666666 0.8526041666666667 0.09583333333333334 0.08125
3 0.7822916666666667 0.9104166666666667 0.15625 0.140625
3 0.7973958333333333 0.7744791666666667 0.17708333333333334 0.17395833333333333
3 0.5234375 0.7380208333333333 0.153125 0.13958333333333334
3 0.828125 0.5796875 0.175 0.16666666666666666
3 0.6484375 0.5776041666666667 0.21145833333333333 0.17291666666666666
3 0.4713541666666667 0.515625 0.19479166666666667 0.16666666666666666
3 0.2609375 0.4895833333333333 0.11770833333333333 0.11145833333333334
3 0.346875 0.5473958333333333 0.1 0.11458333333333333
3 0.17552083333333332 0.5067708333333333 0.08854166666666667 0.11875
3 0.1140625 0.5197916666666667 0.10416666666666667 0.10625