0 0.9541666666666667 0.38333333333333336 0.090625 0.15
0 0.64375 0.3765625 0.08229166666666667 0.13645833333333332
1 0.8255208333333334 0.6135416666666667 0.09270833333333334 0.26666666666666666
0 0.6541666666666667 0.80625 0.10729166666666666 0.2125
0 0.9395833333333333 0.9125 0.090625 0.16666666666666666
0 0.09791666666666667 0.265625 0.096875 0.20833333333333334
0 0.4421875 0.8984375 0.08645833333333333 0.19375
1 0.28229166666666666 0.746875 0.10104166666666667 0.25104166666666666
0 0.6265625 0.5484375 0.052083333333333336 0.11354166666666667
0 0.13958333333333334 0.9197916666666667 0.065625 0.153125
0 0.03854166666666667 0.771875 0.0625 0.153125
0 0.9703125 0.6296875 0.046875 0.11354166666666667
0 0.8953125 0.7328125 0.03854166666666667 0.13020833333333334
4 0.17447916666666666 0.7270833333333333 0.065625 0.07916666666666666