3 0.8567708333333334 0.16927083333333334 0.19895833333333332 0.20104166666666667
3 0.9348958333333334 0.12708333333333333 0.13020833333333334 0.12916666666666668
3 0.5947916666666667 0.2015625 0.175 0.14270833333333333
3 0.8395833333333333 0.4036458333333333 0.234375 0.19895833333333332
3 0.36875 0.29635416666666664 0.30625 0.26666666666666666
2 0.10572916666666667 0.14270833333333333 0.090625 0.071875
2 0.07604166666666666 0.29635416666666664 0.11458333333333333 0.10833333333333334
3 0.16197916666666667 0.47708333333333336 0.26979166666666665 0.190625
3 0.7885416666666667 0.7052083333333333 0.2635416666666667 0.25
3 0.6385416666666667 0.9067708333333333 0.275 0.18645833333333334
3 0.765625 0.8744791666666667 0.19479166666666667 0.19375