3 0.9421875 0.34427083333333336 0.10416666666666667 0.15729166666666666
3 0.6322916666666667 0.3645833333333333 0.09375 0.14270833333333333
3 0.8380208333333333 0.5177083333333333 0.075 0.12604166666666666
3 0.834375 0.65625 0.090625 0.13020833333333334
3 0.6802083333333333 0.7916666666666666 0.125 0.22083333333333333
3 0.9604166666666667 0.871875 0.07916666666666666 0.17291666666666666
3 0.07916666666666666 0.3015625 0.11458333333333333 0.215625
3 0.47708333333333336 0.9010416666666666 0.10208333333333333 0.19791666666666666
3 0.3255208333333333 0.8208333333333333 0.08541666666666667 0.15625
3 0.2786458333333333 0.6901041666666666 0.071875 0.103125
3 0.6302083333333334 0.5369791666666667 0.06145833333333333 0.11770833333333333
3 0.17760416666666667 0.9348958333333334 0.078125 0.13020833333333334
3 0.0640625 0.8109375 0.075 0.15729166666666666
3 0.9755208333333333 0.5875 0.04895833333333333 0.11666666666666667
3 0.9140625 0.6973958333333333 0.05 0.13229166666666667
2 0.1953125 0.7546875 0.071875 0.08541666666666667