3 0.9552083333333333 0.4234375 0.08958333333333333 0.15729166666666666
3 0.6541666666666667 0.38958333333333334 0.09375 0.14270833333333333
3 0.8302083333333333 0.5760416666666667 0.075 0.12604166666666666
3 0.8020833333333334 0.7119791666666667 0.090625 0.13020833333333334
3 0.6270833333333333 0.81875 0.125 0.22083333333333333
3 0.9015625 0.93125 0.10520833333333333 0.1375
3 0.11979166666666667 0.23125 0.11458333333333333 0.215625
3 0.4078125 0.8916666666666667 0.10208333333333333 0.2
3 0.27291666666666664 0.7854166666666667 0.08541666666666667 0.15625
3 0.24895833333333334 0.6489583333333333 0.071875 0.103125
3 0.621875 0.559375 0.06145833333333333 0.11770833333333333
3 0.10416666666666667 0.8869791666666667 0.078125 0.15833333333333333
3 0.027083333333333334 0.7307291666666667 0.05416666666666667 0.15729166666666666
3 0.9572916666666667 0.6703125 0.05625 0.11666666666666667
3 0.8734375 0.7661458333333333 0.05 0.13229166666666667
2 0.15572916666666667 0.6979166666666666 0.071875 0.08541666666666667