3 0.17760416666666667 0.103125 0.16458333333333333 0.128125
3 0.4401041666666667 0.0828125 0.16666666666666666 0.15416666666666667
2 0.8390625 0.0296875 0.11666666666666667 0.053125
3 0.5833333333333334 0.0875 0.17708333333333334 0.175
3 0.79375 0.28489583333333335 0.209375 0.17291666666666666
3 0.8255208333333334 0.5338541666666666 0.11979166666666667 0.10625
3 0.9151041666666667 0.4791666666666667 0.13125 0.09166666666666666
3 0.6755208333333333 0.8098958333333334 0.17708333333333334 0.16145833333333334
3 0.5692708333333333 0.8890625 0.20520833333333333 0.20729166666666668
3 0.17395833333333333 0.7317708333333334 0.19166666666666668 0.1875
3 0.3255208333333333 0.5119791666666667 0.17604166666666668 0.15625
3 0.2140625 0.2989583333333333 0.3375 0.2