3 0.17083333333333334 0.10885416666666667 0.165625 0.13020833333333334
3 0.4328125 0.08385416666666666 0.16875 0.15729166666666666
2 0.8307291666666666 0.025520833333333333 0.11770833333333333 0.051041666666666666
3 0.5760416666666667 0.0875 0.17916666666666667 0.175
3 0.7901041666666667 0.2796875 0.2125 0.17604166666666668
3 0.8260416666666667 0.528125 0.121875 0.10833333333333334
3 0.9145833333333333 0.471875 0.13229166666666667 0.09375
3 0.6807291666666667 0.8067708333333333 0.17916666666666667 0.16354166666666667
3 0.5760416666666667 0.8875 0.20833333333333334 0.21041666666666667
3 0.178125 0.7375 0.19479166666666667 0.190625
3 0.3255208333333333 0.5151041666666667 0.178125 0.159375
3 0.2109375 0.30416666666666664 0.340625 0.20625