2 0.20416666666666666 0.09895833333333333 0.12083333333333333 0.096875
3 0.3223958333333333 0.13385416666666666 0.13854166666666667 0.15625
3 0.7572916666666667 0.16197916666666667 0.140625 0.14583333333333334
3 0.9666666666666667 0.21302083333333333 0.06666666666666667 0.103125
3 0.153125 0.3515625 0.13125 0.17708333333333334
3 0.42239583333333336 0.35885416666666664 0.140625 0.17083333333333334
3 0.8390625 0.440625 0.09791666666666667 0.14479166666666668
3 0.9015625 0.6744791666666666 0.12604166666666666 0.17916666666666667
3 0.8208333333333333 0.8822916666666667 0.115625 0.12916666666666668
3 0.17604166666666668 0.5828125 0.25 0.246875
3 0.5317708333333333 0.89375 0.20104166666666667 0.19166666666666668
3 0.6661458333333333 0.8557291666666667 0.20833333333333334 0.2