2 0.09479166666666666 0.21041666666666667 0.12395833333333334 0.1
3 0.21770833333333334 0.20677083333333332 0.14270833333333333 0.159375
3 0.6401041666666667 0.09947916666666666 0.14479166666666668 0.15
3 0.8614583333333333 0.08125 0.08125 0.10520833333333333
3 0.12447916666666667 0.465625 0.13645833333333332 0.18020833333333333
3 0.3828125 0.38958333333333334 0.14583333333333334 0.17395833333333333
3 0.8041666666666667 0.3385416666666667 0.10208333333333333 0.146875
3 0.9348958333333334 0.5411458333333333 0.13020833333333334 0.18229166666666666
3 0.9229166666666667 0.7645833333333333 0.11875 0.13125
3 0.2171875 0.6786458333333333 0.25625 0.253125
3 0.6520833333333333 0.8645833333333334 0.20520833333333333 0.196875
3 0.7682291666666666 0.7869791666666667 0.21354166666666666 0.20520833333333333