4 0.15104166666666666 0.14427083333333332 0.11041666666666666 0.08229166666666667
0 0.27291666666666664 0.16197916666666667 0.12083333333333333 0.140625
0 0.7078125 0.1296875 0.12395833333333334 0.13020833333333334
0 0.9286458333333333 0.15052083333333333 0.06666666666666667 0.09479166666666666
0 0.1359375 0.4010416666666667 0.109375 0.16354166666666667
0 0.4036458333333333 0.37083333333333335 0.12083333333333333 0.15520833333333334
0 0.8276041666666667 0.39375 0.08020833333333334 0.13541666666666666
0 0.921875 0.6166666666666667 0.10416666666666667 0.16666666666666666
0 0.8708333333333333 0.8338541666666667 0.1 0.11666666666666667
0 0.190625 0.6270833333333333 0.221875 0.21875
0 0.65 0.8546875 0.3072916666666667 0.23020833333333332