3 0.2375 0.1265625 0.25833333333333336 0.253125
3 0.88125 0.10572916666666667 0.203125 0.19166666666666668
3 0.46041666666666664 0.15208333333333332 0.18958333333333333 0.19583333333333333
3 0.4510416666666667 0.32916666666666666 0.18854166666666666 0.16979166666666667
3 0.8822916666666667 0.534375 0.16666666666666666 0.15729166666666666
3 0.6932291666666667 0.5546875 0.209375 0.15833333333333333
3 0.5046875 0.5114583333333333 0.1875 0.15729166666666666
3 0.28541666666666665 0.5125 0.115625 0.10729166666666666
3 0.3802083333333333 0.5598958333333334 0.090625 0.11145833333333334
3 0.19791666666666666 0.540625 0.08020833333333334 0.11770833333333333
3 0.13385416666666666 0.5614583333333333 0.09583333333333334 0.09791666666666667
2 0.42552083333333335 0.7 0.14583333333333334 0.08333333333333333
2 0.25729166666666664 0.8046875 0.3 0.159375
2 0.09114583333333333 0.9125 0.15104166666666666 0.08333333333333333
3 0.5666666666666667 0.859375 0.0875 0.07291666666666667
3 0.8713541666666667 0.740625 0.16354166666666667 0.16354166666666667
3 0.8739583333333333 0.8822916666666667 0.14895833333333333 0.13229166666666667
3 0.5859375 0.7380208333333333 0.14166666666666666 0.12708333333333333