0 0.225 0.13385416666666666 0.25 0.24895833333333334
0 0.8671875 0.09270833333333334 0.196875 0.18541666666666667
1 0.4484375 0.23385416666666667 0.18333333333333332 0.35
0 0.8833333333333333 0.5208333333333334 0.16145833333333334 0.15208333333333332
0 0.6947916666666667 0.5479166666666667 0.20416666666666666 0.15104166666666666
0 0.5052083333333334 0.5114583333333333 0.18333333333333332 0.15104166666666666
0 0.2859375 0.5197916666666667 0.1125 0.10416666666666667
0 0.38229166666666664 0.5640625 0.08645833333333333 0.109375
1 0.16614583333333333 0.5546875 0.14270833333333333 0.12291666666666666
4 0.4322916666666667 0.7026041666666667 0.14270833333333333 0.07916666666666666
4 0.2682291666666667 0.8130208333333333 0.2947916666666667 0.14895833333333333
4 0.10572916666666667 0.9265625 0.14791666666666667 0.078125
0 0.5791666666666667 0.8567708333333334 0.08541666666666667 0.06979166666666667
1 0.8796875 0.7901041666666667 0.15729166666666666 0.2833333333333333
0 0.5942708333333333 0.7348958333333333 0.1375 0.121875