3 0.2713541666666667 0.12083333333333333 0.278125 0.24166666666666667
3 0.9026041666666667 0.140625 0.19479166666666667 0.20833333333333334
3 0.49114583333333334 0.15 0.20416666666666666 0.21041666666666667
3 0.4661458333333333 0.3255208333333333 0.20104166666666667 0.184375
3 0.878125 0.5671875 0.17916666666666667 0.17083333333333334
3 0.6875 0.5713541666666667 0.221875 0.175
3 0.5036458333333333 0.5119791666666667 0.2 0.171875
3 0.28489583333333335 0.49375 0.12395833333333334 0.11666666666666667
3 0.37552083333333336 0.5494791666666666 0.09895833333333333 0.11875
3 0.1953125 0.5140625 0.08958333333333333 0.12395833333333334
3 0.13020833333333334 0.5291666666666667 0.103125 0.10520833333333333
2 0.4083333333333333 0.6927083333333334 0.15208333333333332 0.09583333333333334
2 0.23177083333333334 0.7822916666666667 0.3104166666666667 0.18333333333333332
2 0.0671875 0.875 0.134375 0.09583333333333334
3 0.5348958333333333 0.8635416666666667 0.09375 0.07916666666666666
3 0.8489583333333334 0.7723958333333333 0.17604166666666668 0.17604166666666668
3 0.8390625 0.9135416666666667 0.15833333333333333 0.14375
3 0.5651041666666666 0.7447916666666666 0.15104166666666666 0.13854166666666667