3 0.05520833333333333 0.19947916666666668 0.11041666666666666 0.23645833333333333
3 0.38958333333333334 0.096875 0.10416666666666667 0.10833333333333334
3 0.5239583333333333 0.15 0.10416666666666667 0.13229166666666667
3 0.6854166666666667 0.06510416666666667 0.08958333333333333 0.1
3 0.834375 0.25364583333333335 0.153125 0.16875
3 0.1078125 0.40729166666666666 0.159375 0.16875
3 0.1546875 0.5875 0.203125 0.246875
3 0.3859375 0.5619791666666667 0.259375 0.29270833333333335
3 0.5552083333333333 0.5567708333333333 0.184375 0.21041666666666667
3 0.8869791666666667 0.46510416666666665 0.15520833333333334 0.18229166666666666
3 0.9510416666666667 0.7973958333333333 0.09791666666666667 0.26145833333333335
2 0.2265625 0.890625 0.18854166666666666 0.09270833333333334
2 0.6666666666666666 0.815625 0.1375 0.071875