0 0.10208333333333333 0.125 0.09791666666666667 0.22395833333333334
0 0.46145833333333336 0.08385416666666666 0.08854166666666667 0.09479166666666666
0 0.584375 0.159375 0.084375 0.11979166666666667
0 0.7583333333333333 0.10416666666666667 0.075 0.08854166666666667
0 0.871875 0.315625 0.12916666666666668 0.14895833333333333
1 0.14479166666666668 0.4552083333333333 0.16770833333333332 0.3625
1 0.4432291666666667 0.5411458333333333 0.35 0.259375
0 0.8869791666666667 0.5328125 0.12916666666666668 0.1625
0 0.9203125 0.8765625 0.1125 0.24583333333333332
4 0.16302083333333334 0.8369791666666667 0.18125 0.0625
4 0.609375 0.8395833333333333 0.13020833333333334 0.051041666666666666