3 0.165625 0.0921875 0.13125 0.184375
3 0.5270833333333333 0.0828125 0.10208333333333333 0.10729166666666666
3 0.6364583333333333 0.1765625 0.10208333333333333 0.13125
3 0.8171875 0.14947916666666666 0.0875 0.09895833333333333
3 0.8963541666666667 0.37604166666666666 0.15104166666666666 0.16770833333333332
3 0.159375 0.28489583333333335 0.15729166666666666 0.16666666666666666
3 0.1453125 0.4703125 0.2 0.24479166666666666
3 0.3723958333333333 0.5213541666666667 0.2552083333333333 0.290625
3 0.5333333333333333 0.571875 0.18125 0.20833333333333334
3 0.8770833333333333 0.5927083333333333 0.153125 0.18020833333333333
3 0.85625 0.9036458333333334 0.15 0.19270833333333334
2 0.11458333333333333 0.7802083333333333 0.18854166666666666 0.08958333333333333
2 0.5546875 0.8526041666666667 0.13645833333333332 0.06979166666666667