3 0.3885416666666667 0.096875 0.15416666666666667 0.19375
3 0.15104166666666666 0.3098958333333333 0.146875 0.18229166666666666
3 0.8973958333333333 0.5765625 0.17395833333333333 0.17291666666666666
3 0.7296875 0.6005208333333333 0.16979166666666667 0.16979166666666667
3 0.41354166666666664 0.5557291666666667 0.259375 0.19895833333333332
3 0.18229166666666666 0.46979166666666666 0.084375 0.08125
3 0.1140625 0.5432291666666667 0.121875 0.17604166666666668
3 0.7546875 0.9135416666666667 0.17083333333333334 0.11875
3 0.8723958333333334 0.796875 0.14375 0.15520833333333334
3 0.1140625 0.8041666666666667 0.175 0.28229166666666666
3 0.2708333333333333 0.7984375 0.17083333333333334 0.278125