3 0.3390625 0.10520833333333333 0.14375 0.20416666666666666
3 0.13072916666666667 0.3541666666666667 0.13854166666666667 0.17604166666666668
3 0.9036458333333334 0.5276041666666667 0.165625 0.165625
3 0.7401041666666667 0.571875 0.1625 0.1625
3 0.42083333333333334 0.565625 0.25104166666666666 0.18645833333333334
3 0.18072916666666666 0.5083333333333333 0.08125 0.078125
3 0.12239583333333333 0.5895833333333333 0.11354166666666667 0.17083333333333334
3 0.803125 0.8791666666666667 0.165625 0.11041666666666666
3 0.9057291666666667 0.7494791666666667 0.13645833333333332 0.14895833333333333
3 0.15416666666666667 0.8489583333333334 0.16145833333333334 0.275
3 0.30885416666666665 0.8239583333333333 0.15729166666666666 0.2708333333333333