0 0.9463541666666667 0.1078125 0.078125 0.103125
0 0.7015625 0.08645833333333333 0.13229166666666667 0.14166666666666666
0 0.9369791666666667 0.6192708333333333 0.109375 0.17708333333333334
0 0.8880208333333334 0.8614583333333333 0.09479166666666666 0.12395833333333334
1 0.6489583333333333 0.8838541666666667 0.3145833333333333 0.23229166666666667
0 0.1609375 0.6286458333333333 0.21979166666666666 0.22708333333333333
0 0.8411458333333334 0.3765625 0.09166666666666666 0.153125
0 0.38697916666666665 0.35260416666666666 0.13333333333333333 0.17395833333333333
0 0.24322916666666666 0.12239583333333333 0.12604166666666666 0.153125
0 0.10833333333333334 0.3854166666666667 0.11666666666666667 0.17291666666666666
4 0.11822916666666666 0.1140625 0.12395833333333334 0.09791666666666667