3 0.9322916666666666 0.09270833333333334 0.08125 0.10625
3 0.6869791666666667 0.0796875 0.1375 0.146875
3 0.940625 0.6041666666666666 0.11458333333333333 0.18125
3 0.9005208333333333 0.8479166666666667 0.1 0.12708333333333333
3 0.7385416666666667 0.8479166666666667 0.165625 0.18333333333333332
3 0.165625 0.640625 0.22708333333333333 0.234375
3 0.5791666666666667 0.9067708333333333 0.17291666666666666 0.184375
3 0.8364583333333333 0.3645833333333333 0.096875 0.15625
3 0.38177083333333334 0.3567708333333333 0.13854166666666667 0.178125
3 0.23020833333333332 0.13177083333333334 0.13125 0.15729166666666666
3 0.1046875 0.39895833333333336 0.12291666666666666 0.17708333333333334
2 0.10520833333333333 0.12760416666666666 0.12708333333333333 0.10208333333333333