2 0.04010416666666667 0.19322916666666667 0.08020833333333334 0.08020833333333334
2 0.18125 0.13802083333333334 0.21666666666666667 0.15104166666666666
2 0.6703125 0.035416666666666666 0.121875 0.07083333333333333
3 0.8114583333333333 0.0921875 0.17916666666666667 0.184375
3 0.8494791666666667 0.2578125 0.13854166666666667 0.13333333333333333
3 0.09270833333333334 0.6395833333333333 0.153125 0.196875
3 0.5 0.5854166666666667 0.13229166666666667 0.12708333333333333
3 0.3572916666666667 0.3932291666666667 0.3489583333333333 0.284375
3 0.85 0.4427083333333333 0.11770833333333333 0.10729166666666666
3 0.6869791666666667 0.5177083333333333 0.30416666666666664 0.2760416666666667
3 0.15572916666666667 0.8390625 0.23958333333333334 0.21770833333333334
3 0.6015625 0.8609375 0.2125 0.265625
3 0.4359375 0.8916666666666667 0.21770833333333334 0.21666666666666667
3 0.14479166666666668 0.9598958333333333 0.14791666666666667 0.08020833333333334
3 0.865625 0.7427083333333333 0.06458333333333334 0.06770833333333333
3 0.70625 0.7989583333333333 0.06041666666666667 0.08020833333333334
3 0.9442708333333333 0.784375 0.11145833333333334 0.2375