4 0.07760416666666667 0.12239583333333333 0.10416666666666667 0.065625
4 0.24166666666666667 0.09270833333333334 0.20104166666666667 0.121875
4 0.7416666666666667 0.06145833333333333 0.11354166666666667 0.06770833333333333
0 0.8770833333333333 0.11458333333333333 0.14583333333333334 0.22916666666666666
0 0.8828125 0.315625 0.121875 0.115625
0 0.07604166666666666 0.5739583333333333 0.12708333333333333 0.17916666666666667
0 0.4864583333333333 0.584375 0.11666666666666667 0.11041666666666666
0 0.37552083333333336 0.3723958333333333 0.315625 0.23854166666666668
0 0.8546875 0.4979166666666667 0.10520833333333333 0.09166666666666666
0 0.6817708333333333 0.546875 0.2708333333333333 0.2375
0 0.10677083333333333 0.78125 0.21354166666666666 0.18645833333333334
1 0.4583333333333333 0.8760416666666667 0.34791666666666665 0.24791666666666667
0 0.071875 0.9338541666666667 0.12916666666666668 0.13229166666666667
0 0.8229166666666666 0.796875 0.05520833333333333 0.059375
0 0.6567708333333333 0.8276041666666667 0.04895833333333333 0.07395833333333333
0 0.9020833333333333 0.8515625 0.09166666666666666 0.22604166666666667