3 0.32760416666666664 0.09739583333333333 0.159375 0.18333333333333332
3 0.109375 0.35833333333333334 0.153125 0.196875
3 0.934375 0.7682291666666666 0.13125 0.184375
3 0.8515625 0.884375 0.20729166666666668 0.1875
3 0.159375 0.8708333333333333 0.1875 0.25833333333333336
3 0.30052083333333335 0.8552083333333333 0.21354166666666666 0.28958333333333336
3 0.9208333333333333 0.5140625 0.15833333333333333 0.18645833333333334
3 0.7880208333333333 0.5703125 0.21458333333333332 0.19166666666666668
3 0.41875 0.5739583333333333 0.246875 0.21458333333333332
3 0.16875 0.5203125 0.09375 0.090625
3 0.11510416666666666 0.6119791666666666 0.13020833333333334 0.19270833333333334