2 0.4140625 0.15416666666666667 0.18541666666666667 0.11458333333333333
2 0.8057291666666667 0.11302083333333333 0.2375 0.15625
3 0.22864583333333333 0.1109375 0.13645833333333332 0.14375
3 0.0796875 0.2359375 0.13958333333333334 0.11666666666666667
3 0.2515625 0.2760416666666667 0.065625 0.075
3 0.1375 0.47291666666666665 0.1625 0.18229166666666666
3 0.2552083333333333 0.44166666666666665 0.171875 0.18645833333333334
3 0.44427083333333334 0.425 0.16979166666666667 0.16979166666666667
3 0.5796875 0.4359375 0.171875 0.19375
3 0.33489583333333334 0.828125 0.17083333333333334 0.246875
3 0.6822916666666666 0.7963541666666667 0.14791666666666667 0.2125
3 0.90625 0.6984375 0.1875 0.140625
3 0.7994791666666666 0.7520833333333333 0.11770833333333333 0.17291666666666666
3 0.8473958333333333 0.5697916666666667 0.14270833333333333 0.12708333333333333
3 0.896875 0.3692708333333333 0.15729166666666666 0.15208333333333332