4 0.44479166666666664 0.14791666666666667 0.17708333333333334 0.1
4 0.8385416666666666 0.14114583333333333 0.22604166666666667 0.1375
0 0.2635416666666667 0.08854166666666667 0.125 0.13333333333333333
0 0.10416666666666667 0.20052083333333334 0.13125 0.10625
0 0.271875 0.2552083333333333 0.059375 0.07083333333333333
1 0.20260416666666667 0.4328125 0.2708333333333333 0.18854166666666666
1 0.5161458333333333 0.4390625 0.2864583333333333 0.19479166666666667
0 0.3067708333333333 0.8125 0.15104166666666666 0.234375
0 0.6557291666666667 0.8109375 0.13125 0.20208333333333334
1 0.8526041666666667 0.765625 0.25625 0.18854166666666666
0 0.8401041666666667 0.6 0.13333333333333333 0.11666666666666667
0 0.9067708333333333 0.4041666666666667 0.14583333333333334 0.140625