2 0.43854166666666666 0.14895833333333333 0.17916666666666667 0.10208333333333333
2 0.8322916666666667 0.13541666666666666 0.228125 0.140625
3 0.25625 0.09270833333333334 0.12708333333333333 0.13541666666666666
3 0.09895833333333333 0.20729166666666668 0.13333333333333333 0.10833333333333334
3 0.2677083333333333 0.259375 0.06041666666666667 0.07083333333333333
3 0.14010416666666667 0.4479166666666667 0.15104166666666666 0.171875
3 0.2598958333333333 0.425 0.16041666666666668 0.17604166666666668
3 0.44947916666666665 0.42135416666666664 0.159375 0.159375
3 0.5838541666666667 0.44166666666666665 0.16041666666666668 0.18333333333333332
3 0.3125 0.815625 0.15520833333333334 0.23645833333333333
3 0.6609375 0.8083333333333333 0.134375 0.20416666666666666
3 0.8958333333333334 0.7270833333333333 0.18645833333333334 0.12916666666666668
3 0.78125 0.7723958333333333 0.10729166666666666 0.16666666666666666
3 0.8416666666666667 0.5942708333333333 0.134375 0.11875
3 0.9052083333333333 0.396875 0.14791666666666667 0.14270833333333333