4 0.8651041666666667 0.09895833333333333 0.12916666666666668 0.121875
4 0.4140625 0.09479166666666666 0.13958333333333334 0.125
4 0.2125 0.3151041666666667 0.15416666666666667 0.08645833333333333
4 0.8859375 0.31614583333333335 0.11666666666666667 0.08645833333333333
4 0.8609375 0.5333333333333333 0.17916666666666667 0.140625
4 0.15052083333333333 0.5989583333333334 0.196875 0.13020833333333334
0 0.5130208333333334 0.0875 0.06145833333333333 0.059375
0 0.14114583333333333 0.17083333333333334 0.146875 0.14583333333333334
0 0.796875 0.496875 0.04479166666666667 0.06770833333333333
0 0.2994791666666667 0.46510416666666665 0.027083333333333334 0.1
0 0.48020833333333335 0.4744791666666667 0.03333333333333333 0.10416666666666667
0 0.6046875 0.4546875 0.036458333333333336 0.10520833333333333
0 0.7296875 0.5588541666666667 0.03333333333333333 0.0375
0 0.6333333333333333 0.5557291666666667 0.036458333333333336 0.046875
0 0.2677083333333333 0.5364583333333334 0.06041666666666667 0.046875
0 0.15104166666666666 0.496875 0.042708333333333334 0.07604166666666666
0 0.14010416666666667 0.4348958333333333 0.042708333333333334 0.0375
4 0.5645833333333333 0.446875 0.040625 0.01875