2 0.7895833333333333 0.05625 0.14791666666666667 0.1125
2 0.34479166666666666 0.115625 0.15833333333333333 0.14791666666666667
2 0.18489583333333334 0.36770833333333336 0.16666666666666666 0.11145833333333334
2 0.8479166666666667 0.2520833333333333 0.13020833333333334 0.10625
2 0.8614583333333333 0.4703125 0.2 0.16979166666666667
2 0.17291666666666666 0.6583333333333333 0.215625 0.1625
3 0.44114583333333335 0.09166666666666666 0.07083333333333333 0.06875
3 0.08958333333333333 0.23802083333333332 0.16979166666666667 0.16875
3 0.7916666666666666 0.4453125 0.05520833333333333 0.07395833333333333
3 0.29635416666666664 0.5005208333333333 0.04375 0.103125
3 0.47604166666666664 0.478125 0.05 0.10729166666666666
3 0.5953125 0.43697916666666664 0.05416666666666667 0.109375
3 0.7364583333333333 0.5182291666666666 0.03958333333333333 0.042708333333333334
3 0.6411458333333333 0.5317708333333333 0.04479166666666667 0.052083333333333336
3 0.27760416666666665 0.5760416666666667 0.06770833333333333 0.057291666666666664
3 0.15572916666666667 0.5572916666666666 0.05416666666666667 0.08125
3 0.134375 0.4984375 0.04791666666666667 0.04479166666666667
2 0.5541666666666667 0.43645833333333334 0.04375 0.025