3 0.6848958333333334 0.0609375 0.16145833333333334 0.121875
3 0.5973958333333333 0.0984375 0.0875 0.10520833333333333
3 0.8005208333333333 0.25104166666666666 0.190625 0.146875
3 0.6328125 0.27447916666666666 0.16145833333333334 0.146875
3 0.30416666666666664 0.290625 0.16770833333333332 0.16770833333333332
3 0.1515625 0.3015625 0.159375 0.15833333333333333
3 0.28125 0.07135416666666666 0.134375 0.12291666666666666
3 0.11458333333333333 0.078125 0.12604166666666666 0.10833333333333334
3 0.8625 0.4296875 0.2125 0.16458333333333333
3 0.3734375 0.471875 0.23333333333333334 0.16979166666666667
3 0.16145833333333334 0.49375 0.13645833333333332 0.12708333333333333
2 0.44947916666666665 0.03958333333333333 0.128125 0.0625
3 0.44166666666666665 0.6369791666666667 0.15833333333333333 0.13958333333333334
3 0.6380208333333334 0.6489583333333333 0.18541666666666667 0.171875
3 0.8234375 0.6296875 0.19895833333333332 0.16875