1 0.6869791666666667 0.08125 0.21145833333333333 0.1625
1 0.7380208333333333 0.2791666666666667 0.340625 0.14895833333333333
1 0.24114583333333334 0.27760416666666665 0.3072916666666667 0.15729166666666666
0 0.31145833333333334 0.057291666666666664 0.12708333333333333 0.11458333333333333
0 0.14479166666666668 0.052083333333333336 0.11979166666666667 0.10104166666666667
0 0.8666666666666667 0.4552083333333333 0.203125 0.15104166666666666
0 0.37552083333333336 0.4630208333333333 0.22291666666666668 0.15520833333333334
0 0.1625 0.4703125 0.128125 0.11770833333333333
4 0.4817708333333333 0.03697916666666667 0.125 0.053125
0 0.4322916666666667 0.6328125 0.15 0.12916666666666668
0 0.6270833333333333 0.6583333333333333 0.175 0.16041666666666668
0 0.8135416666666667 0.6520833333333333 0.18854166666666666 0.15625