3 0.8333333333333334 0.1 0.196875 0.15729166666666666
3 0.515625 0.11041666666666666 0.25416666666666665 0.190625
3 0.23854166666666668 0.10833333333333334 0.23333333333333334 0.19166666666666668
3 0.12916666666666668 0.3484375 0.22083333333333333 0.18333333333333332
3 0.3328125 0.296875 0.128125 0.09895833333333333
3 0.8208333333333333 0.8875 0.23125 0.225
3 0.6197916666666666 0.6322916666666667 0.14479166666666668 0.17395833333333333
3 0.4921875 0.6546875 0.128125 0.18854166666666666
3 0.49322916666666666 0.8177083333333334 0.14270833333333333 0.13958333333333334
3 0.3140625 0.884375 0.17916666666666667 0.228125
2 0.10260416666666666 0.8911458333333333 0.146875 0.08125
2 0.8473958333333333 0.32916666666666666 0.1625 0.12291666666666666
2 0.509375 0.303125 0.16041666666666668 0.07916666666666666
2 0.8192708333333333 0.6109375 0.19375 0.12291666666666666