0 0.8260416666666667 0.09427083333333333 0.19375 0.15416666666666667
0 0.5088541666666667 0.11041666666666666 0.25104166666666666 0.18645833333333334
0 0.23177083333333334 0.11302083333333333 0.23020833333333332 0.18854166666666666
0 0.1265625 0.3546875 0.21770833333333334 0.18020833333333333
0 0.32916666666666666 0.3 0.12604166666666666 0.096875
0 0.828125 0.8859375 0.22708333333333333 0.228125
1 0.559375 0.7177083333333333 0.26666666666666666 0.346875
0 0.32083333333333336 0.8875 0.175 0.225
4 0.109375 0.8979166666666667 0.14583333333333334 0.07916666666666666
4 0.8442708333333333 0.3229166666666667 0.16041666666666668 0.12083333333333333
4 0.5057291666666667 0.303125 0.159375 0.07604166666666666
4 0.8213541666666667 0.6052083333333333 0.19166666666666668 0.11979166666666667