3 0.81875 0.08854166666666667 0.196875 0.15729166666666666
3 0.5020833333333333 0.11041666666666666 0.25416666666666665 0.190625
3 0.225 0.11770833333333333 0.23333333333333334 0.19166666666666668
3 0.12395833333333334 0.3614583333333333 0.22083333333333333 0.18333333333333332
3 0.3255208333333333 0.303125 0.128125 0.09895833333333333
3 0.834375 0.8802083333333334 0.23125 0.23229166666666667
3 0.6239583333333333 0.628125 0.14479166666666668 0.17395833333333333
3 0.4973958333333333 0.6546875 0.128125 0.18854166666666666
3 0.5046875 0.8177083333333334 0.14270833333333333 0.13958333333333334
3 0.32708333333333334 0.8880208333333334 0.17916666666666667 0.22395833333333334
2 0.11614583333333334 0.9046875 0.146875 0.08125
2 0.8411458333333334 0.3171875 0.1625 0.12291666666666666
2 0.5020833333333333 0.303125 0.16041666666666668 0.07916666666666666
2 0.8229166666666666 0.5994791666666667 0.19375 0.12291666666666666