3 0.8979166666666667 0.10520833333333333 0.20416666666666666 0.1625
3 0.4786458333333333 0.09375 0.253125 0.1875
3 0.10208333333333333 0.2125 0.15416666666666667 0.12395833333333334
2 0.9020833333333333 0.8328125 0.14791666666666667 0.10520833333333333
2 0.4239583333333333 0.6015625 0.2 0.0875
2 0.625 0.8213541666666667 0.11875 0.11145833333333334
2 0.7651041666666667 0.8166666666666667 0.12395833333333334 0.07916666666666666
2 0.40989583333333335 0.9208333333333333 0.21979166666666666 0.075
2 0.12239583333333333 0.6630208333333333 0.19791666666666666 0.08020833333333334
3 0.12604166666666666 0.9067708333333333 0.18645833333333334 0.12395833333333334
3 0.1734375 0.5786458333333333 0.13229166666666667 0.090625