0 0.8848958333333333 0.07708333333333334 0.22604166666666667 0.146875
0 0.4505208333333333 0.09322916666666667 0.24166666666666667 0.178125
0 0.0828125 0.24114583333333334 0.146875 0.11458333333333333
4 0.9244791666666666 0.8041666666666667 0.14166666666666666 0.09583333333333334
4 0.43125 0.6067708333333334 0.19479166666666667 0.075
4 0.646875 0.8119791666666667 0.11145833333333334 0.10416666666666667
4 0.7864583333333334 0.7973958333333333 0.11875 0.071875
4 0.4395833333333333 0.9260416666666667 0.215625 0.06041666666666667
4 0.13489583333333333 0.6890625 0.19375 0.06770833333333333
0 0.15520833333333334 0.9317708333333333 0.17916666666666667 0.1125
0 0.1796875 0.6010416666666667 0.12708333333333333 0.08229166666666667