3 0.8557291666666667 0.09947916666666666 0.1125 0.08958333333333333
3 0.7135416666666666 0.1078125 0.16145833333333334 0.19791666666666666
3 0.3255208333333333 0.14947916666666666 0.190625 0.18125
3 0.7359375 0.8770833333333333 0.121875 0.09791666666666667
3 0.3229166666666667 0.8505208333333333 0.09479166666666666 0.15729166666666666
2 0.146875 0.11822916666666666 0.13958333333333334 0.10833333333333334
2 0.08802083333333334 0.31979166666666664 0.17604166666666668 0.11458333333333333
2 0.6890625 0.4875 0.04583333333333333 0.022916666666666665
2 0.5869791666666667 0.4630208333333333 0.057291666666666664 0.021875
2 0.6078125 0.5229166666666667 0.06354166666666666 0.022916666666666665
2 0.4114583333333333 0.5375 0.07395833333333333 0.03854166666666667
2 0.4036458333333333 0.5921875 0.06770833333333333 0.019791666666666666
2 0.59375 0.6802083333333333 0.0375 0.021875
2 0.6098958333333333 0.60625 0.03958333333333333 0.021875
2 0.4713541666666667 0.6197916666666666 0.06354166666666666 0.027083333333333334
2 0.6135416666666667 0.7515625 0.06666666666666667 0.027083333333333334
2 0.4713541666666667 0.828125 0.03229166666666667 0.029166666666666667
2 0.41302083333333334 0.7296875 0.078125 0.022916666666666665
2 0.4078125 0.6536458333333334 0.0625 0.023958333333333335
2 0.70625 0.7911458333333333 0.04479166666666667 0.025
3 0.6625 0.6447916666666667 0.071875 0.07291666666666667
2 0.27395833333333336 0.5104166666666666 0.13854166666666667 0.11354166666666667
2 0.1109375 0.6802083333333333 0.16875 0.08645833333333333
3 0.6354166666666666 0.28958333333333336 0.10729166666666666 0.10208333333333333
2 0.8421875 0.4942708333333333 0.19270833333333334 0.140625