0 0.8760416666666667 0.11875 0.10833333333333334 0.084375
0 0.7338541666666667 0.11927083333333334 0.15208333333333332 0.190625
0 0.34427083333333336 0.140625 0.18125 0.171875
0 0.715625 0.8890625 0.11770833333333333 0.09166666666666666
0 0.3046875 0.840625 0.08645833333333333 0.153125
4 0.1671875 0.10052083333333334 0.13541666666666666 0.10104166666666667
4 0.09322916666666667 0.2984375 0.18125 0.10520833333333333
4 0.6895833333333333 0.4973958333333333 0.04583333333333333 0.020833333333333332
4 0.5885416666666666 0.46770833333333334 0.05625 0.019791666666666666
4 0.60625 0.5286458333333334 0.06354166666666666 0.019791666666666666
4 0.409375 0.5328125 0.071875 0.034375
4 0.39895833333333336 0.5869791666666667 0.06666666666666667 0.016666666666666666
4 0.584375 0.6848958333333334 0.036458333333333336 0.020833333333333332
4 0.6041666666666666 0.6119791666666666 0.03854166666666667 0.020833333333333332
4 0.46510416666666665 0.6182291666666667 0.0625 0.023958333333333335
4 0.6 0.7572916666666667 0.065625 0.023958333333333335
4 0.45416666666666666 0.8260416666666667 0.03125 0.027083333333333334
4 0.4010416666666667 0.725 0.07708333333333334 0.019791666666666666
4 0.4 0.6484375 0.06145833333333333 0.020833333333333332
4 0.690625 0.8015625 0.04375 0.022916666666666665
0 0.6546875 0.653125 0.06875 0.06979166666666667
4 0.27395833333333336 0.4984375 0.13229166666666667 0.10729166666666666
4 0.10208333333333333 0.659375 0.165625 0.078125
0 0.6463541666666667 0.296875 0.103125 0.096875
4 0.8421875 0.5119791666666667 0.18645833333333334 0.13125