0 0.915625 0.2671875 0.140625 0.3125
0 0.8421875 0.7057291666666666 0.05416666666666667 0.14895833333333333
4 0.7354166666666667 0.7182291666666667 0.03958333333333333 0.07916666666666666
4 0.1265625 0.7036458333333333 0.04375 0.06666666666666667
0 0.6932291666666667 0.7869791666666667 0.04895833333333333 0.11145833333333334
0 0.6390625 0.853125 0.04583333333333333 0.10104166666666667
0 0.5489583333333333 0.759375 0.05520833333333333 0.12604166666666666
0 0.45208333333333334 0.8541666666666666 0.05 0.10520833333333333
1 0.3203125 0.871875 0.08333333333333333 0.16979166666666667
0 0.24322916666666666 0.7604166666666666 0.053125 0.10208333333333333
0 0.14739583333333334 0.80625 0.065625 0.13541666666666666