3 0.884375 0.21822916666666667 0.17708333333333334 0.32708333333333334
3 0.8645833333333334 0.6625 0.071875 0.15416666666666667
2 0.7604166666666666 0.6880208333333333 0.04895833333333333 0.08333333333333333
2 0.15416666666666667 0.7473958333333334 0.051041666666666666 0.071875
3 0.7265625 0.7614583333333333 0.0625 0.115625
3 0.68125 0.8333333333333334 0.057291666666666664 0.10625
3 0.5802083333333333 0.7515625 0.06979166666666667 0.13125
3 0.49583333333333335 0.8572916666666667 0.0625 0.11041666666666666
3 0.3854166666666667 0.925 0.059375 0.11041666666666666
3 0.35052083333333334 0.8713541666666667 0.07083333333333333 0.13229166666666667
3 0.27708333333333335 0.7895833333333333 0.065625 0.10729166666666666
3 0.1875 0.846875 0.08125 0.14270833333333333