3 0.771875 0.5458333333333333 0.23645833333333333 0.175
3 0.5166666666666667 0.6307291666666667 0.25104166666666666 0.24166666666666667
3 0.13958333333333334 0.8885416666666667 0.2791666666666667 0.2
2 0.9130208333333333 0.0625 0.17395833333333333 0.09166666666666666
2 0.5802083333333333 0.12395833333333334 0.16458333333333333 0.08854166666666667
2 0.40677083333333336 0.08020833333333334 0.140625 0.12395833333333334
2 0.2578125 0.07395833333333333 0.13541666666666666 0.11041666666666666
2 0.109375 0.06354166666666666 0.140625 0.11666666666666667
2 0.9098958333333333 0.3375 0.18020833333333333 0.12083333333333333
2 0.103125 0.30833333333333335 0.15416666666666667 0.0875
2 0.7760416666666666 0.75 0.21041666666666667 0.065625