0 0.7739583333333333 0.5317708333333333 0.228125 0.16354166666666667
0 0.5234375 0.6296875 0.23958333333333334 0.23020833333333332
0 0.14791666666666667 0.9078125 0.29583333333333334 0.184375
4 0.9026041666666667 0.040625 0.19479166666666667 0.08125
4 0.5604166666666667 0.1203125 0.16041666666666668 0.08020833333333334
4 0.3848958333333333 0.08541666666666667 0.13541666666666666 0.11770833333333333
4 0.2359375 0.08697916666666666 0.13020833333333334 0.10416666666666667
4 0.08697916666666666 0.084375 0.13541666666666666 0.109375
4 0.9067708333333333 0.31666666666666665 0.18645833333333334 0.11145833333333334
4 0.09375 0.32916666666666666 0.15104166666666666 0.08020833333333334
4 0.7885416666666667 0.7354166666666667 0.20833333333333334 0.05520833333333333