3 0.8916666666666667 0.1125 0.18229166666666666 0.17395833333333333
3 0.7619791666666667 0.15833333333333333 0.18541666666666667 0.178125
3 0.65625 0.5713541666666667 0.18958333333333333 0.17708333333333334
3 0.4348958333333333 0.07552083333333333 0.140625 0.12395833333333334
3 0.5619791666666667 0.07083333333333333 0.13541666666666666 0.11770833333333333
3 0.1890625 0.5265625 0.21145833333333333 0.19270833333333334
3 0.79375 0.7791666666666667 0.25 0.175
3 0.78125 0.9239583333333333 0.23958333333333334 0.15208333333333332
3 0.33645833333333336 0.7557291666666667 0.209375 0.19166666666666668
3 0.2630208333333333 0.8822916666666667 0.26875 0.19270833333333334
3 0.071875 0.8494791666666667 0.14375 0.15729166666666666
2 0.5432291666666667 0.9364583333333333 0.209375 0.08229166666666667