3 0.7770833333333333 0.058333333333333334 0.19375 0.11666666666666667
3 0.6645833333333333 0.10208333333333333 0.19791666666666666 0.190625
3 0.6692708333333334 0.528125 0.20208333333333334 0.190625
3 0.32708333333333334 0.10677083333333333 0.14895833333333333 0.13333333333333333
3 0.44895833333333335 0.06927083333333334 0.14270833333333333 0.12708333333333333
3 0.20677083333333332 0.60625 0.225 0.20833333333333334
3 0.85625 0.69375 0.2604166666666667 0.19375
3 0.8802083333333334 0.8494791666666667 0.23958333333333334 0.196875
3 0.4083333333333333 0.7890625 0.221875 0.20625
3 0.3697916666666667 0.9119791666666667 0.28125 0.17604166666666668
3 0.16302083333333334 0.9333333333333333 0.18229166666666666 0.13333333333333333
2 0.6546875 0.9104166666666667 0.2125 0.1