3 0.8546875 0.140625 0.228125 0.190625
3 0.29791666666666666 0.11041666666666666 0.22916666666666666 0.22083333333333333
3 0.14791666666666667 0.14739583333333334 0.2375 0.253125
3 0.8104166666666667 0.5395833333333333 0.2791666666666667 0.23333333333333334
3 0.43020833333333336 0.4395833333333333 0.18229166666666666 0.19583333333333333
3 0.15625 0.5203125 0.14791666666666667 0.140625
3 0.815625 0.9244791666666666 0.19375 0.15104166666666666
3 0.6401041666666667 0.8416666666666667 0.17604166666666668 0.1625
3 0.4036458333333333 0.7526041666666666 0.27395833333333336 0.22916666666666666
3 0.16875 0.6927083333333334 0.18020833333333333 0.15625
3 0.08854166666666667 0.8479166666666667 0.17708333333333334 0.17708333333333334
3 0.1671875 0.8182291666666667 0.128125 0.12291666666666666