3 0.8609375 0.146875 0.23125 0.19479166666666667
3 0.30520833333333336 0.109375 0.23333333333333334 0.21875
3 0.15416666666666667 0.14114583333333333 0.24166666666666667 0.25729166666666664
3 0.809375 0.5453125 0.28229166666666666 0.2375
3 0.43125 0.43854166666666666 0.18541666666666667 0.19791666666666666
3 0.15625 0.5140625 0.15 0.14270833333333333
3 0.8083333333333333 0.9265625 0.19583333333333333 0.146875
3 0.6338541666666667 0.8442708333333333 0.178125 0.16458333333333333
3 0.39947916666666666 0.7505208333333333 0.27708333333333335 0.23333333333333334
3 0.165625 0.6869791666666667 0.18229166666666666 0.15833333333333333
3 0.0859375 0.8411458333333334 0.171875 0.18020833333333333
3 0.16197916666666667 0.8119791666666667 0.12916666666666668 0.125