3 0.43697916666666664 0.06927083333333334 0.10416666666666667 0.13229166666666667
3 0.11041666666666666 0.109375 0.121875 0.13541666666666666
2 0.7666666666666667 0.2171875 0.11770833333333333 0.06145833333333333
2 0.11666666666666667 0.3171875 0.22083333333333333 0.1375
2 0.8953125 0.7270833333333333 0.196875 0.1625
3 0.15625 0.9203125 0.23125 0.159375
3 0.71875 0.7208333333333333 0.125 0.09895833333333333
3 0.6802083333333333 0.7921875 0.13958333333333334 0.14895833333333333
3 0.528125 0.915625 0.22291666666666668 0.16875
3 0.32395833333333335 0.9197916666666667 0.13125 0.16041666666666668
3 0.7578125 0.42239583333333336 0.125 0.09479166666666666
3 0.7255208333333333 0.5317708333333333 0.253125 0.18541666666666667
3 0.3046875 0.5296875 0.190625 0.18229166666666666
3 0.11197916666666667 0.5817708333333333 0.22395833333333334 0.23229166666666667
3 0.38958333333333334 0.33541666666666664 0.13229166666666667 0.12604166666666666
3 0.8520833333333333 0.2947916666666667 0.14166666666666666 0.12604166666666666