0 0.475 0.065625 0.09375 0.125
0 0.14583333333333334 0.07708333333333334 0.11041666666666666 0.12604166666666666
4 0.7901041666666667 0.24166666666666667 0.11354166666666667 0.052083333333333336
4 0.13385416666666666 0.284375 0.21145833333333333 0.11979166666666667
4 0.8739583333333333 0.7604166666666666 0.184375 0.14791666666666667
1 0.17604166666666668 0.9052083333333333 0.32916666666666666 0.175
1 0.6755208333333333 0.7875 0.17083333333333334 0.17708333333333334
0 0.49166666666666664 0.9177083333333333 0.21041666666666667 0.15208333333333332
1 0.721875 0.5192708333333333 0.240625 0.23020833333333332
1 0.1953125 0.5432291666666667 0.390625 0.23020833333333332
0 0.4041666666666667 0.3265625 0.12291666666666666 0.11666666666666667
0 0.86875 0.3260416666666667 0.13229166666666667 0.11458333333333333