3 0.7760416666666666 0.134375 0.13854166666666667 0.12708333333333333
3 0.4 0.15833333333333333 0.171875 0.159375
3 0.13854166666666667 0.1390625 0.20729166666666668 0.18541666666666667
3 0.8875 0.34427083333333336 0.20520833333333333 0.165625
3 0.378125 0.3828125 0.13541666666666666 0.10520833333333333
3 0.471875 0.3203125 0.11354166666666667 0.109375
3 0.17916666666666667 0.38229166666666664 0.19375 0.14583333333333334
3 0.2604166666666667 0.5427083333333333 0.39895833333333336 0.11979166666666667
3 0.8255208333333334 0.6484375 0.3489583333333333 0.12604166666666666
3 0.8760416666666667 0.8296875 0.240625 0.190625
3 0.5854166666666667 0.8994791666666667 0.215625 0.18541666666666667
3 0.2989583333333333 0.81875 0.2552083333333333 0.1625
3 0.20104166666666667 0.9223958333333333 0.23333333333333334 0.15520833333333334