0 0.7885416666666667 0.14427083333333332 0.134375 0.121875
0 0.4119791666666667 0.15520833333333334 0.16666666666666666 0.15416666666666667
0 0.1515625 0.1265625 0.20208333333333334 0.17916666666666667
0 0.8927083333333333 0.3578125 0.2 0.15833333333333333
0 0.38229166666666664 0.37864583333333335 0.13229166666666667 0.10104166666666667
0 0.478125 0.31927083333333334 0.109375 0.10520833333333333
0 0.18333333333333332 0.37135416666666665 0.18958333333333333 0.13958333333333334
0 0.25885416666666666 0.534375 0.3958333333333333 0.10625
0 0.8239583333333333 0.6598958333333333 0.35208333333333336 0.11458333333333333
0 0.8640625 0.8427083333333333 0.23541666666666666 0.18229166666666666
0 0.5713541666666667 0.9020833333333333 0.21041666666666667 0.17916666666666667
1 0.24322916666666666 0.8671875 0.3385416666666667 0.265625