3 0.38333333333333336 0.06510416666666667 0.16041666666666668 0.13020833333333334
3 0.21302083333333333 0.06927083333333334 0.234375 0.13854166666666667
3 0.8677083333333333 0.4739583333333333 0.2552083333333333 0.20833333333333334
3 0.828125 0.6296875 0.240625 0.16458333333333333
3 0.5197916666666667 0.40989583333333335 0.2 0.178125
3 0.4895833333333333 0.5713541666666667 0.1375 0.16145833333333334
3 0.6869791666666667 0.8234375 0.2625 0.21770833333333334
3 0.209375 0.428125 0.11875 0.09375
3 0.31927083333333334 0.378125 0.20416666666666666 0.20208333333333334
3 0.1515625 0.35625 0.16770833333333332 0.16979166666666667
3 0.16354166666666667 0.8723958333333334 0.24166666666666667 0.18854166666666666
3 0.49114583333333334 0.9244791666666666 0.11354166666666667 0.15104166666666666
3 0.6411458333333333 0.9390625 0.17395833333333333 0.121875