1 0.2296875 0.08229166666666667 0.35625 0.16458333333333333
1 0.8494791666666667 0.5026041666666666 0.2604166666666667 0.328125
0 0.5088541666666667 0.4083333333333333 0.18229166666666666 0.15729166666666666
0 0.4869791666666667 0.571875 0.14270833333333333 0.14791666666666667
0 0.725 0.7984375 0.24166666666666667 0.190625
0 0.20260416666666667 0.4640625 0.11041666666666666 0.08125
0 0.30572916666666666 0.4010416666666667 0.18333333333333332 0.18125
0 0.13645833333333332 0.4 0.15 0.153125
0 0.21145833333333333 0.9104166666666667 0.22395833333333334 0.1625
0 0.5432291666666667 0.9260416666666667 0.096875 0.14791666666666667
0 0.6947916666666667 0.9276041666666667 0.16145833333333334 0.11979166666666667