3 0.9333333333333333 0.30885416666666665 0.13333333333333333 0.3489583333333333
3 0.8338541666666667 0.7677083333333333 0.07083333333333333 0.16041666666666668
3 0.6661458333333333 0.8385416666666666 0.06354166666666666 0.12291666666666666
3 0.6036458333333333 0.9026041666666667 0.06145833333333333 0.11354166666666667
3 0.5223958333333333 0.7932291666666667 0.07083333333333333 0.12395833333333334
3 0.4109375 0.8802083333333334 0.06354166666666666 0.115625
3 0.2833333333333333 0.9239583333333333 0.06145833333333333 0.115625
3 0.2598958333333333 0.8583333333333333 0.071875 0.14791666666666667
3 0.20416666666666666 0.7572916666666667 0.06458333333333334 0.11770833333333333
3 0.09895833333333333 0.7984375 0.08645833333333333 0.15625
2 0.09635416666666667 0.6708333333333333 0.0625 0.07916666666666666