3 0.775 0.059895833333333336 0.2125 0.11979166666666667
3 0.4005208333333333 0.0765625 0.16770833333333332 0.153125
3 0.10572916666666667 0.15625 0.20520833333333333 0.16458333333333333
3 0.6052083333333333 0.23489583333333333 0.24583333333333332 0.16979166666666667
3 0.3098958333333333 0.2760416666666667 0.246875 0.175
3 0.7927083333333333 0.396875 0.2875 0.24583333333333332
3 0.8473958333333333 0.6010416666666667 0.21770833333333334 0.19895833333333332
3 0.7682291666666666 0.7057291666666666 0.278125 0.228125
3 0.30052083333333335 0.46510416666666665 0.26666666666666666 0.253125
3 0.10364583333333334 0.525 0.20729166666666668 0.23541666666666666
3 0.19947916666666668 0.9588541666666667 0.15729166666666666 0.08229166666666667
2 0.7630208333333334 0.9109375 0.4239583333333333 0.15416666666666667
2 0.9671875 0.7072916666666667 0.065625 0.45416666666666666