3 0.8520833333333333 0.08697916666666666 0.19895833333333332 0.15625
3 0.47552083333333334 0.0671875 0.15520833333333334 0.134375
3 0.17135416666666667 0.09270833333333334 0.19270833333333334 0.14583333333333334
3 0.6494791666666667 0.25729166666666664 0.23333333333333334 0.14791666666666667
3 0.3515625 0.24635416666666668 0.23333333333333334 0.15208333333333332
3 0.80625 0.44895833333333335 0.2677083333333333 0.22083333333333333
3 0.8244791666666667 0.6598958333333333 0.20208333333333334 0.17916666666666667
3 0.7286458333333333 0.7494791666666667 0.259375 0.20416666666666666
3 0.309375 0.43072916666666666 0.24583333333333332 0.23020833333333332
3 0.1 0.45416666666666666 0.2 0.21666666666666667
3 0.1203125 0.9255208333333333 0.146875 0.11979166666666667
2 0.6869791666666667 0.946875 0.41770833333333335 0.10625
2 0.9541666666666667 0.7828125 0.08125 0.434375