0 0.9307291666666667 0.2630208333333333 0.1375 0.33645833333333336
0 0.8598958333333333 0.73125 0.05520833333333333 0.15625
0 0.7005208333333334 0.8192708333333333 0.051041666666666666 0.11875
0 0.6453125 0.8895833333333333 0.05 0.109375
0 0.553125 0.7890625 0.058333333333333334 0.11875
0 0.4510416666666667 0.8875 0.053125 0.11041666666666666
0 0.32864583333333336 0.9442708333333333 0.051041666666666666 0.11041666666666666
0 0.2984375 0.88125 0.057291666666666664 0.14166666666666666
0 0.2328125 0.7869791666666667 0.052083333333333336 0.1125
0 0.13229166666666667 0.8385416666666666 0.071875 0.14895833333333333
4 0.11666666666666667 0.7119791666666667 0.05520833333333333 0.07395833333333333