0 0.8375 0.075 0.19375 0.15
0 0.46041666666666664 0.06666666666666667 0.15104166666666666 0.13333333333333333
0 0.15729166666666666 0.1046875 0.1875 0.13958333333333334
0 0.6411458333333333 0.2520833333333333 0.228125 0.13958333333333334
0 0.34270833333333334 0.2515625 0.22916666666666666 0.14479166666666668
0 0.8041666666666667 0.43854166666666666 0.2604166666666667 0.21145833333333333
1 0.7661458333333333 0.6994791666666667 0.3229166666666667 0.275
1 0.21197916666666666 0.44947916666666665 0.4239583333333333 0.246875
0 0.13541666666666666 0.9385416666666667 0.14270833333333333 0.11458333333333333
4 0.703125 0.94375 0.41458333333333336 0.09791666666666667
4 0.9645833333333333 0.775 0.065625 0.45