3 0.9130208333333333 0.23333333333333334 0.16145833333333334 0.34479166666666666
3 0.875 0.7057291666666666 0.065625 0.159375
3 0.7223958333333333 0.8046875 0.059375 0.121875
3 0.671875 0.8786458333333333 0.057291666666666664 0.1125
3 0.5729166666666666 0.7848958333333333 0.06666666666666667 0.12291666666666666
3 0.478125 0.8901041666666667 0.06041666666666667 0.11458333333333333
3 0.359375 0.9489583333333333 0.058333333333333334 0.10208333333333333
3 0.3255208333333333 0.8942708333333333 0.06666666666666667 0.14583333333333334
3 0.25364583333333335 0.8046875 0.06041666666666667 0.115625
3 0.15677083333333333 0.8635416666666667 0.08125 0.15416666666666667
2 0.13229166666666667 0.7380208333333333 0.059375 0.07708333333333334